subject_id	lh.aparc.volume	lh_bankssts_volume	lh_caudalanteriorcingulate_volume	lh_caudalmiddlefrontal_volume	lh_cuneus_volume	lh_entorhinal_volume	lh_fusiform_volume	lh_inferiorparietal_volume	lh_inferiortemporal_volume	lh_isthmuscingulate_volume	lh_lateraloccipital_volume	lh_lateralorbitofrontal_volume	lh_lingual_volume	lh_medialorbitofrontal_volume	lh_middletemporal_volume	lh_parahippocampal_volume	lh_paracentral_volume	lh_parsopercularis_volume	lh_parsorbitalis_volume	lh_parstriangularis_volume	lh_pericalcarine_volume	lh_postcentral_volume	lh_posteriorcingulate_volume	lh_precentral_volume	lh_precuneus_volume	lh_rostralanteriorcingulate_volume	lh_rostralmiddlefrontal_volume	lh_superiorfrontal_volume	lh_superiorparietal_volume	lh_superiortemporal_volume	lh_supramarginal_volume	lh_frontalpole_volume	lh_temporalpole_volume	lh_transversetemporal_volume	lh_insula_volume	lh_BrainSegVolNotVent	eTIV
sub-7333005	3778.0	2655.0	7921.0	3066.0	2373.0	12127.0	16717.0	13344.0	2647.0	12477.0	10144.0	8676.0	6319.0	15481.0	2421.0	4093.0	5471.0	3256.0	4436.0	2312.0	12801.0	4004.0	15991.0	14277.0	3282.0	17477.0	28565.0	15768.0	16697.0	14677.0	1406.0	2902.0	1835.0	9123.0	1221867.0	1664237.227948
sub-1177160	2249.0	1614.0	9610.0	3658.0	1692.0	9190.0	17287.0	11961.0	3032.0	15234.0	9158.0	7031.0	6284.0	12549.0	2415.0	5050.0	4954.0	3724.0	4364.0	2004.0	11485.0	3566.0	13707.0	12329.0	2551.0	23575.0	26853.0	19364.0	15754.0	12379.0	1329.0	2929.0	1797.0	7463.0	1135375.0	1530173.748793
sub-4060823	2988.0	1896.0	8159.0	2952.0	1635.0	9147.0	12227.0	10204.0	3115.0	12315.0	8966.0	6723.0	5638.0	11698.0	2203.0	4017.0	5026.0	3225.0	5428.0	2017.0	11936.0	3390.0	16095.0	10966.0	2031.0	20210.0	25410.0	14753.0	13142.0	15400.0	1437.0	2319.0	1622.0	5944.0	1155264.0	1541521.791743
sub-1023964	3056.0	1488.0	7439.0	3420.0	2151.0	11344.0	14961.0	13538.0	3280.0	15015.0	8807.0	8528.0	4834.0	13752.0	1424.0	4075.0	5908.0	2864.0	4926.0	1986.0	11174.0	3191.0	14041.0	13790.0	2100.0	21872.0	29788.0	16978.0	16123.0	14229.0	1427.0	2111.0	1495.0	6319.0	1150402.0	1524869.286237
sub-2741068	2796.0	1291.0	8513.0	4653.0	1659.0	13215.0	15130.0	15163.0	3264.0	16051.0	9852.0	10630.0	5821.0	15223.0	1680.0	4385.0	5616.0	3597.0	5475.0	3745.0	12263.0	3350.0	14974.0	14930.0	1684.0	19864.0	32214.0	19422.0	14342.0	18090.0	1570.0	2103.0	1758.0	6075.0	1232242.0	1658155.072914
sub-2983819	2647.0	1389.0	6325.0	3393.0	1807.0	9268.0	15784.0	12774.0	2929.0	15348.0	8669.0	7398.0	5276.0	14736.0	2503.0	3193.0	6564.0	2995.0	5876.0	1767.0	9634.0	3157.0	13768.0	10048.0	1648.0	19034.0	23748.0	15525.0	16174.0	12491.0	1900.0	2527.0	1272.0	6835.0	1125460.0	1520578.234291
sub-6953386	3685.0	3102.0	7791.0	2771.0	2116.0	13318.0	18068.0	13510.0	3701.0	13338.0	10415.0	7321.0	7399.0	15547.0	2511.0	4156.0	6469.0	3065.0	5285.0	1867.0	13816.0	4364.0	18305.0	13997.0	4139.0	18725.0	24623.0	17466.0	15563.0	18868.0	1392.0	2915.0	2128.0	8889.0	1306108.0	1745027.071629
sub-0021029	2787.0	1570.0	7141.0	5174.0	1856.0	11540.0	14057.0	10394.0	4587.0	17560.0	9053.0	9149.0	5405.0	11902.0	1924.0	3994.0	6611.0	3625.0	5193.0	3377.0	13371.0	3238.0	14347.0	14528.0	2304.0	21271.0	29702.0	16512.0	15493.0	13729.0	1579.0	2259.0	1852.0	7557.0	1205309.0	1610385.680667
sub-1771270	2250.0	2112.0	4619.0	3251.0	1735.0	9404.0	11002.0	11821.0	2782.0	13585.0	8781.0	5935.0	5155.0	12378.0	2022.0	3362.0	3707.0	3520.0	3949.0	2079.0	10737.0	3336.0	13744.0	9480.0	3304.0	21119.0	24892.0	12243.0	14242.0	10422.0	1363.0	1948.0	1393.0	6945.0	1076727.0	1415689.788946
sub-0021027	1993.0	1520.0	5109.0	3362.0	1103.0	9682.0	13660.0	9046.0	3578.0	13486.0	8823.0	7560.0	6166.0	11141.0	2108.0	4124.0	5612.0	3184.0	7080.0	2444.0	10313.0	2899.0	12570.0	12113.0	2058.0	22494.0	27234.0	16914.0	14820.0	14486.0	1324.0	1499.0	1733.0	6214.0	1102722.0	1511795.546128
sub-3624598	2597.0	1800.0	5984.0	3039.0	2463.0	11140.0	15421.0	15292.0	2701.0	12785.0	8350.0	5445.0	6397.0	13352.0	2179.0	3699.0	5305.0	2705.0	4039.0	1660.0	10097.0	3544.0	13394.0	8922.0	2787.0	20865.0	25507.0	14378.0	15885.0	11078.0	1075.0	2646.0	1285.0	7575.0	1195024.0	1575472.222988
sub-0016053	3649.0	3122.0	9105.0	3190.0	2058.0	11854.0	13100.0	13795.0	3225.0	11089.0	8973.0	6967.0	6681.0	14101.0	2870.0	4115.0	5984.0	3465.0	5603.0	1871.0	11172.0	3938.0	16111.0	12634.0	3873.0	20188.0	29934.0	17135.0	18040.0	19592.0	1614.0	3261.0	1465.0	9026.0	1275969.0	1704708.253496
sub-0021042	2639.0	1426.0	5272.0	3274.0	1728.0	8256.0	10923.0	9659.0	2710.0	13298.0	8036.0	7965.0	5133.0	11828.0	1851.0	4004.0	5353.0	2833.0	4125.0	2073.0	9101.0	2547.0	13295.0	11725.0	1587.0	20511.0	27507.0	14866.0	12596.0	14402.0	1392.0	2034.0	1628.0	5651.0	1020767.0	1388498.549421
sub-2950754	2992.0	1972.0	9703.0	4218.0	2314.0	12743.0	17015.0	15881.0	3627.0	15783.0	10390.0	9296.0	6279.0	15263.0	2548.0	4741.0	6568.0	3182.0	5679.0	3443.0	14640.0	4616.0	18369.0	15904.0	3033.0	22902.0	33919.0	18148.0	19557.0	18830.0	1295.0	3261.0	2359.0	9243.0	1412537.0	1902704.11979
sub-1050345	2313.0	2160.0	6521.0	3388.0	2449.0	12216.0	14911.0	18252.0	2752.0	14922.0	10011.0	5900.0	6608.0	13777.0	2710.0	4090.0	7121.0	3392.0	6588.0	1753.0	11448.0	3869.0	16212.0	11166.0	4019.0	21156.0	33211.0	16193.0	16316.0	15439.0	1470.0	2560.0	1399.0	8450.0	1277708.0	1709217.929732
sub-3048588	2425.0	1402.0	7758.0	3671.0	2050.0	9209.0	13249.0	15103.0	3271.0	12627.0	8521.0	7594.0	5674.0	14064.0	1785.0	4437.0	5206.0	2575.0	3258.0	2969.0	13156.0	2769.0	15282.0	12319.0	3287.0	18436.0	31173.0	15488.0	16401.0	11135.0	1268.0	1864.0	1341.0	8482.0	1184958.0	1656531.564508
sub-0015021	3288.0	1540.0	8475.0	3893.0	1939.0	13144.0	16406.0	12251.0	2670.0	17304.0	9316.0	8411.0	6267.0	11780.0	2701.0	4098.0	5701.0	3118.0	4228.0	2544.0	11321.0	4520.0	13303.0	11863.0	3652.0	17769.0	26020.0	15464.0	15549.0	11753.0	1137.0	2737.0	1355.0	8464.0	1122331.0	1487571.714336
sub-0021021	3734.0	2058.0	10351.0	3414.0	2060.0	11868.0	17012.0	15507.0	3831.0	13509.0	11459.0	7552.0	7311.0	18617.0	3091.0	4469.0	4946.0	3714.0	4683.0	1707.0	13753.0	4121.0	20867.0	14318.0	2770.0	22334.0	31748.0	20469.0	15655.0	17549.0	1565.0	2498.0	1589.0	7637.0	1429437.0	1970358.063935
sub-0021017	1905.0	1583.0	5679.0	2758.0	1122.0	8751.0	12384.0	12366.0	2716.0	11622.0	7797.0	5781.0	5303.0	11719.0	1598.0	3989.0	4080.0	2833.0	5668.0	1490.0	9035.0	3399.0	13004.0	10324.0	1545.0	18785.0	25130.0	15199.0	13062.0	11335.0	1167.0	2091.0	1068.0	5787.0	1005598.0	1391376.711812
sub-0021028	2825.0	1573.0	7710.0	3613.0	1903.0	9919.0	15198.0	12038.0	3329.0	14535.0	9589.0	7629.0	5513.0	12731.0	1663.0	4719.0	5137.0	2829.0	4128.0	2265.0	10922.0	3596.0	13322.0	11863.0	2191.0	17326.0	27531.0	16417.0	13006.0	13308.0	1513.0	2574.0	1381.0	6164.0	1103441.0	1469681.542102
sub-1093743	3281.0	1906.0	8042.0	3587.0	1811.0	10266.0	18135.0	15198.0	3986.0	15897.0	9396.0	7552.0	7085.0	17591.0	2237.0	4581.0	7953.0	3259.0	5807.0	2021.0	11759.0	4876.0	15023.0	15092.0	2907.0	21237.0	33213.0	18902.0	16997.0	15256.0	1575.0	2906.0	1496.0	9009.0	1295960.0	1778402.941974
sub-0015044	2667.0	1642.0	7039.0	3746.0	1548.0	11138.0	17846.0	12141.0	4028.0	15007.0	9388.0	9522.0	5389.0	12659.0	2299.0	4574.0	5786.0	3374.0	5064.0	2229.0	11306.0	3593.0	14752.0	12683.0	2353.0	23331.0	29337.0	16539.0	13953.0	9957.0	1513.0	2890.0	1148.0	6697.0	1174011.0	1562057.682792
sub-0016055	2620.0	1432.0	5639.0	4345.0	1715.0	11430.0	17957.0	13389.0	3460.0	16411.0	9461.0	8006.0	5964.0	12255.0	2326.0	3705.0	6664.0	3675.0	5171.0	2605.0	11610.0	3700.0	16313.0	13968.0	2444.0	21027.0	28892.0	19835.0	16233.0	12892.0	974.0	2786.0	1764.0	8242.0	1251152.0	1696909.571707
sub-4136226	2068.0	2166.0	5811.0	3436.0	1644.0	9878.0	15815.0	13627.0	2635.0	14935.0	8169.0	7869.0	5870.0	16015.0	2346.0	3328.0	5889.0	2738.0	5163.0	2586.0	10059.0	3710.0	12671.0	11223.0	3049.0	21466.0	21881.0	15062.0	15387.0	13120.0	1605.0	3522.0	1397.0	7012.0	1117600.0	1497685.188161
sub-1875013	2632.0	2301.0	7114.0	3769.0	1525.0	11484.0	14730.0	12030.0	3514.0	14631.0	9499.0	7500.0	5875.0	14422.0	2012.0	4085.0	3888.0	3089.0	4162.0	2832.0	11921.0	4840.0	15328.0	10599.0	2292.0	22291.0	28732.0	16144.0	14355.0	13974.0	1236.0	2164.0	1410.0	8878.0	1208612.0	1648608.820107
sub-0025002	2647.0	2948.0	7858.0	4572.0	2291.0	11757.0	14456.0	13982.0	5919.0	14665.0	9742.0	9137.0	6306.0	13496.0	2951.0	4349.0	5599.0	2792.0	4007.0	3070.0	11726.0	3928.0	16196.0	12808.0	3399.0	19371.0	28721.0	16810.0	18091.0	15715.0	1084.0	2668.0	1787.0	8571.0	1353340.0	1892613.442741
sub-8409791	4418.0	1498.0	9092.0	3095.0	1639.0	11959.0	17024.0	15589.0	3188.0	15826.0	11175.0	6998.0	7239.0	12623.0	2167.0	4783.0	7139.0	3541.0	4922.0	1586.0	12907.0	3882.0	17635.0	11531.0	3445.0	20386.0	30539.0	17763.0	16184.0	14754.0	1413.0	2484.0	1580.0	8864.0	1313480.0	1794897.325611
sub-0021035	2722.0	2431.0	8937.0	3863.0	1600.0	9935.0	14959.0	15062.0	3155.0	13968.0	9849.0	7165.0	5474.0	14090.0	2034.0	4291.0	5161.0	3189.0	4952.0	2499.0	11720.0	4030.0	14301.0	11574.0	2443.0	19524.0	29588.0	16262.0	15938.0	13940.0	1309.0	2527.0	1405.0	7021.0	1257435.0	1714602.740092
sub-4219416	3128.0	1843.0	6271.0	2256.0	1665.0	8544.0	13666.0	10217.0	2900.0	12733.0	7382.0	7429.0	6140.0	14560.0	2082.0	4203.0	6077.0	2771.0	4555.0	1398.0	12202.0	3456.0	12850.0	11027.0	2375.0	14665.0	23715.0	14812.0	16590.0	13945.0	1126.0	1814.0	1630.0	7032.0	1003713.0	1355248.567302
sub-0016047	2907.0	2135.0	9249.0	3500.0	1932.0	8493.0	14480.0	12522.0	3300.0	12463.0	8702.0	8268.0	5980.0	11894.0	2321.0	4536.0	5524.0	2686.0	4076.0	2833.0	12870.0	4045.0	15395.0	12983.0	3802.0	19230.0	26341.0	15950.0	13728.0	11922.0	1368.0	2889.0	1796.0	6638.0	1216760.0	1586231.168623
sub-0016078	3382.0	2285.0	7899.0	3425.0	1800.0	9970.0	14622.0	12823.0	2467.0	12274.0	10560.0	7449.0	7431.0	13695.0	2087.0	4292.0	6012.0	3324.0	4592.0	2348.0	11239.0	3717.0	18793.0	10711.0	2899.0	20356.0	26468.0	13864.0	16361.0	13177.0	1219.0	3312.0	1218.0	7793.0	1268986.0	1721061.725067
sub-0015051	1965.0	1900.0	7740.0	3841.0	2083.0	8958.0	15040.0	12146.0	3353.0	14778.0	9030.0	8094.0	6865.0	10582.0	2259.0	3767.0	6299.0	2983.0	4561.0	2453.0	13462.0	3502.0	14958.0	11239.0	3612.0	20868.0	26815.0	13091.0	13060.0	11349.0	2182.0	1825.0	1345.0	8021.0	1126703.0	1530940.525974
sub-0016071	1808.0	1754.0	7310.0	3091.0	1565.0	7308.0	10804.0	12019.0	2981.0	10468.0	8260.0	6222.0	5026.0	11890.0	2255.0	3061.0	4544.0	2763.0	3428.0	2559.0	9434.0	2738.0	12429.0	10132.0	2909.0	15748.0	23116.0	13315.0	10533.0	10467.0	989.0	2627.0	1130.0	5894.0	948276.0	1317789.755209
sub-0015005	2519.0	1803.0	6567.0	4492.0	2144.0	8258.0	12591.0	14540.0	2386.0	14230.0	8298.0	6787.0	6084.0	13511.0	2082.0	4496.0	5455.0	2874.0	4031.0	2388.0	10632.0	3221.0	16444.0	10269.0	2685.0	16112.0	28901.0	15883.0	13583.0	12631.0	1321.0	3148.0	1450.0	7170.0	1183397.0	1575049.332783
sub-0015033	3957.0	1875.0	8966.0	3662.0	2056.0	12046.0	17008.0	12025.0	4052.0	14699.0	10453.0	8584.0	6733.0	16508.0	2206.0	4650.0	6479.0	3392.0	5369.0	2526.0	14140.0	4045.0	17568.0	12848.0	4567.0	20855.0	33875.0	18691.0	17935.0	14508.0	1369.0	2677.0	1702.0	8787.0	1238831.0	1652957.269183
sub-1404738	2341.0	1333.0	5844.0	2781.0	2212.0	11189.0	11739.0	14097.0	2149.0	11098.0	8900.0	6244.0	5793.0	12336.0	1805.0	3733.0	5151.0	2749.0	4810.0	1880.0	11750.0	2973.0	14867.0	11350.0	2806.0	20235.0	28580.0	14582.0	15503.0	13488.0	1651.0	3217.0	1391.0	7009.0	1134805.0	1515856.960945
sub-9750701	1862.0	1599.0	7252.0	2694.0	1577.0	9116.0	14187.0	10959.0	2519.0	12581.0	8035.0	6659.0	5533.0	12938.0	1838.0	4559.0	4835.0	2323.0	4098.0	2078.0	8396.0	3060.0	14229.0	9862.0	1972.0	17943.0	28499.0	12952.0	12606.0	9171.0	1176.0	2302.0	1072.0	6156.0	1037746.0	1406548.831224
sub-0010058	2866.0	3008.0	7211.0	3269.0	1337.0	11421.0	12146.0	11574.0	2772.0	12101.0	9742.0	7357.0	5523.0	13368.0	1545.0	4270.0	7511.0	2867.0	4975.0	1895.0	12425.0	4278.0	15731.0	13524.0	3262.0	21178.0	28751.0	16652.0	17301.0	16593.0	1404.0	2310.0	1277.0	6465.0	1256986.0	1691810.102852
sub-0010069	2751.0	2324.0	7815.0	4579.0	1369.0	10995.0	14714.0	11987.0	3607.0	15597.0	8953.0	7769.0	6318.0	13628.0	1859.0	4261.0	4918.0	3154.0	5243.0	3298.0	12059.0	4738.0	16510.0	14065.0	2994.0	22747.0	26477.0	17304.0	15732.0	15527.0	1173.0	2081.0	1271.0	6956.0	1338835.0	1864284.398864
sub-0023012	2169.0	2017.0	6391.0	3394.0	1794.0	11335.0	14560.0	12953.0	2835.0	14784.0	8904.0	7352.0	5473.0	14773.0	2784.0	4008.0	6342.0	3044.0	3273.0	2294.0	9928.0	3571.0	14418.0	11351.0	3054.0	18246.0	29905.0	14188.0	16036.0	10387.0	1172.0	2561.0	1461.0	7071.0	1139467.0	1521041.460735
sub-0010033	3231.0	1876.0	7059.0	3024.0	1569.0	9335.0	17047.0	12380.0	3845.0	14632.0	8767.0	7050.0	5123.0	14036.0	2137.0	4586.0	5259.0	2877.0	4274.0	1480.0	12484.0	3417.0	15619.0	12825.0	2687.0	18859.0	27272.0	14966.0	13286.0	15086.0	1347.0	2259.0	1451.0	6583.0	1154368.0	1555279.539642
sub-2208591	2371.0	1769.0	7358.0	2783.0	1715.0	8735.0	10051.0	11639.0	2257.0	11176.0	7060.0	6028.0	5628.0	12846.0	2135.0	4387.0	4596.0	2388.0	3256.0	1750.0	13606.0	3040.0	14553.0	8427.0	2798.0	20684.0	25564.0	10802.0	13894.0	8881.0	1164.0	2162.0	1358.0	7359.0	1109198.0	1480942.964439
sub-2756846	3319.0	1930.0	7526.0	2403.0	1370.0	9472.0	11608.0	12196.0	2657.0	12744.0	9802.0	5815.0	6187.0	10018.0	1753.0	3552.0	5555.0	2987.0	4112.0	1938.0	10518.0	3326.0	15080.0	8876.0	2812.0	20754.0	25384.0	13787.0	14314.0	14183.0	1295.0	2332.0	1119.0	6928.0	1111289.0	1518505.738658
sub-9499804	1886.0	2200.0	7550.0	3762.0	1972.0	11411.0	12459.0	14861.0	2711.0	13101.0	9770.0	6683.0	6589.0	12883.0	2940.0	3918.0	6673.0	3326.0	4948.0	3118.0	11185.0	4129.0	15386.0	13450.0	3642.0	21038.0	27043.0	17085.0	14310.0	12089.0	1465.0	2819.0	1294.0	7431.0	1149490.0	1503711.783926
sub-0023005	2501.0	1698.0	5775.0	2905.0	1444.0	8275.0	12079.0	11379.0	2555.0	9115.0	9409.0	5701.0	5138.0	12370.0	2097.0	4248.0	5272.0	2889.0	5866.0	2103.0	10174.0	3723.0	14652.0	10882.0	2768.0	18856.0	21780.0	14862.0	12347.0	15651.0	1019.0	1911.0	1548.0	7005.0	1051706.0	1408231.421599
sub-2074737	2929.0	2220.0	8773.0	4058.0	1665.0	11909.0	16812.0	15773.0	3642.0	15067.0	9746.0	7452.0	6648.0	14709.0	2213.0	4218.0	5549.0	3393.0	5530.0	2957.0	13065.0	4236.0	16017.0	12754.0	3286.0	21653.0	33110.0	16312.0	16597.0	16394.0	1677.0	2533.0	1563.0	8133.0	1289333.0	1729320.728513
sub-0027004	3006.0	2270.0	11269.0	4108.0	2815.0	12149.0	18445.0	15997.0	5024.0	15735.0	9545.0	7298.0	6331.0	14436.0	2765.0	4820.0	6650.0	3192.0	4296.0	2319.0	17016.0	4591.0	20370.0	13999.0	3085.0	20914.0	34543.0	16237.0	19126.0	15675.0	1360.0	2093.0	2142.0	8143.0	1297999.0	1766201.866882
sub-0010085	2141.0	2207.0	6224.0	3087.0	1280.0	8105.0	14922.0	10126.0	2212.0	13033.0	9180.0	6471.0	5326.0	11198.0	1950.0	4136.0	4248.0	2868.0	5034.0	1994.0	8888.0	3578.0	15325.0	9989.0	2132.0	18498.0	26854.0	14042.0	13725.0	11613.0	1410.0	2004.0	1331.0	6115.0	1014419.0	1384996.246914
sub-0010076	2234.0	1589.0	6500.0	2237.0	1772.0	9409.0	12160.0	10736.0	2943.0	10791.0	7826.0	5847.0	4886.0	11923.0	2152.0	3193.0	4537.0	2445.0	3773.0	1633.0	9042.0	3270.0	12908.0	9228.0	2005.0	15584.0	27071.0	11190.0	14163.0	10633.0	1274.0	2691.0	1252.0	6111.0	972450.0	1342860.033406
sub-2996531	2496.0	1733.0	9031.0	3019.0	1881.0	10621.0	12607.0	14087.0	3211.0	14510.0	11053.0	8636.0	6736.0	13621.0	1884.0	3991.0	5846.0	2976.0	4991.0	2176.0	13072.0	3890.0	16383.0	13753.0	2982.0	19818.0	29263.0	16918.0	15624.0	15411.0	1434.0	2277.0	1928.0	7268.0	1311050.0	1783444.244695
sub-0027005	2534.0	1901.0	6845.0	3122.0	1986.0	10177.0	10325.0	11700.0	2244.0	13831.0	8468.0	5820.0	5451.0	9901.0	2127.0	4047.0	5090.0	2363.0	4684.0	2339.0	10374.0	3597.0	14169.0	10027.0	2343.0	15943.0	26617.0	13943.0	15343.0	10707.0	1279.0	2698.0	1478.0	7312.0	1048905.0	1506119.589377
sub-0015048	2127.0	2340.0	9765.0	3311.0	1714.0	12537.0	13265.0	8692.0	2878.0	15918.0	10062.0	8160.0	5393.0	11449.0	2321.0	4754.0	4803.0	3355.0	4891.0	2509.0	12895.0	3553.0	17477.0	10977.0	3265.0	19414.0	31215.0	17983.0	15799.0	12671.0	1420.0	2313.0	1490.0	8064.0	1138789.0	1491867.125718
sub-0016050	3781.0	2596.0	9647.0	3640.0	1997.0	10079.0	12808.0	11400.0	3966.0	14420.0	10713.0	8592.0	6320.0	12556.0	2614.0	4763.0	7011.0	2975.0	5295.0	2600.0	12958.0	5135.0	19742.0	12665.0	3247.0	20772.0	27972.0	16763.0	18135.0	17931.0	1374.0	2686.0	1965.0	10091.0	1342360.0	1764602.150173
sub-1502229	3155.0	2461.0	8273.0	3814.0	2134.0	12066.0	15341.0	12711.0	3452.0	13465.0	9255.0	7766.0	5651.0	14615.0	2545.0	4509.0	6135.0	3139.0	4688.0	2046.0	12262.0	4263.0	17666.0	15005.0	4059.0	21060.0	26465.0	18439.0	16466.0	14995.0	1525.0	2947.0	1712.0	8274.0	1203955.0	1586598.313299
sub-0021046	3478.0	1664.0	7558.0	3670.0	1349.0	11289.0	17680.0	12652.0	2896.0	16106.0	9770.0	6669.0	6248.0	14511.0	1522.0	4182.0	5796.0	3864.0	5452.0	1967.0	11797.0	3654.0	15742.0	13326.0	2439.0	24508.0	31108.0	16788.0	17794.0	10358.0	1474.0	2270.0	1633.0	7203.0	1192997.0	1629175.481348
sub-0021041	2708.0	1702.0	6763.0	2963.0	1449.0	9221.0	13900.0	11150.0	2243.0	13245.0	7925.0	8531.0	6080.0	12268.0	1647.0	5849.0	6858.0	2618.0	5061.0	2108.0	9486.0	3249.0	17674.0	13134.0	2880.0	19074.0	26503.0	16656.0	15287.0	15489.0	1610.0	1967.0	1259.0	6391.0	1144376.0	1509436.770806
sub-0010103	2749.0	1781.0	8811.0	3621.0	1565.0	10773.0	16340.0	15096.0	2685.0	12195.0	8646.0	6784.0	5946.0	14636.0	1659.0	4407.0	4659.0	2620.0	3050.0	2055.0	11760.0	3764.0	15346.0	11888.0	2301.0	19164.0	30748.0	16690.0	16078.0	14202.0	1612.0	2528.0	1218.0	5749.0	1197593.0	1649946.415928
sub-0025014	2940.0	1731.0	7302.0	2949.0	1914.0	10039.0	13293.0	11869.0	2715.0	12834.0	9273.0	5933.0	5299.0	13956.0	2206.0	4286.0	3790.0	2733.0	4235.0	2108.0	10551.0	3858.0	16226.0	10125.0	3080.0	20134.0	25995.0	14093.0	16865.0	11962.0	1328.0	2498.0	1635.0	7414.0	1100902.0	1478780.433432
sub-3560456	2484.0	1698.0	5454.0	2735.0	1685.0	8726.0	11715.0	9066.0	2811.0	11118.0	7392.0	5831.0	5730.0	11776.0	2242.0	3646.0	4610.0	2292.0	4063.0	1920.0	8976.0	2801.0	11419.0	9363.0	2236.0	12264.0	20611.0	10579.0	11607.0	8359.0	1362.0	1348.0	1307.0	6322.0	898976.0	1354002.724299
sub-0021023	2323.0	1871.0	8259.0	3038.0	1392.0	10398.0	13155.0	11083.0	3167.0	12259.0	8567.0	8141.0	5253.0	10342.0	1846.0	4026.0	5172.0	3201.0	4147.0	2042.0	10694.0	3568.0	14554.0	12410.0	2116.0	18479.0	24657.0	16091.0	14181.0	12860.0	1230.0	2792.0	1384.0	5939.0	1077991.0	1450618.356487
sub-0015040	2877.0	3424.0	7471.0	4583.0	1674.0	12828.0	17219.0	12400.0	3702.0	17477.0	12522.0	9517.0	7080.0	15714.0	2054.0	4500.0	6621.0	3483.0	6315.0	3404.0	10834.0	4140.0	17851.0	12317.0	3903.0	21500.0	25636.0	13423.0	16417.0	11665.0	1367.0	2164.0	1421.0	9067.0	1268920.0	1729302.611806
sub-0015049	3459.0	2261.0	7935.0	5052.0	2331.0	12448.0	20220.0	11424.0	4215.0	19403.0	11384.0	10737.0	6750.0	15487.0	2136.0	4546.0	5698.0	3782.0	5961.0	3460.0	12563.0	3717.0	16803.0	13310.0	4014.0	24953.0	32884.0	16513.0	17590.0	14925.0	1335.0	3660.0	1682.0	9695.0	1331197.0	1754432.03814
sub-8991934	1865.0	2907.0	8334.0	2976.0	1653.0	11001.0	13483.0	14170.0	2866.0	13658.0	8712.0	6487.0	5604.0	11162.0	1963.0	3917.0	5161.0	2752.0	4569.0	2439.0	11941.0	3065.0	15279.0	13045.0	3923.0	18310.0	25034.0	16387.0	14532.0	13050.0	1101.0	2587.0	1501.0	7002.0	1156174.0	1608944.770616
sub-0021022	2119.0	1507.0	6309.0	3385.0	1390.0	10051.0	11005.0	11229.0	2552.0	12767.0	7076.0	7592.0	4798.0	10738.0	1674.0	4053.0	4016.0	2553.0	4130.0	2467.0	10279.0	2842.0	14181.0	11166.0	1938.0	19013.0	26554.0	14185.0	14937.0	12180.0	1413.0	1985.0	1080.0	4955.0	966507.0	1265760.535106
sub-2601519	2044.0	2095.0	9265.0	3653.0	1743.0	11412.0	13329.0	13275.0	3214.0	12642.0	9093.0	6488.0	6750.0	14046.0	2246.0	4136.0	5266.0	2699.0	5116.0	2170.0	12611.0	4722.0	17209.0	11828.0	3336.0	23008.0	29958.0	19507.0	17149.0	14082.0	1457.0	2325.0	1482.0	7856.0	1240677.0	1701670.346053
sub-0021025	3287.0	1377.0	6111.0	2903.0	1331.0	7697.0	14159.0	9491.0	2964.0	12917.0	9512.0	7800.0	6118.0	11473.0	1845.0	4673.0	6255.0	4025.0	5667.0	2095.0	11022.0	3254.0	13769.0	12365.0	1712.0	19716.0	27808.0	17906.0	16754.0	15639.0	1456.0	2160.0	1479.0	6472.0	1144390.0	1533815.635411
sub-0015014	3391.0	1660.0	9056.0	3463.0	1979.0	11441.0	17535.0	11822.0	2758.0	13450.0	9601.0	9627.0	6917.0	16329.0	2491.0	4515.0	5425.0	3150.0	5328.0	2273.0	13692.0	4038.0	15172.0	15346.0	2863.0	20882.0	29348.0	17920.0	16273.0	13981.0	1335.0	2840.0	1603.0	8140.0	1178912.0	1552839.891953
sub-0021013	2995.0	1829.0	9602.0	4169.0	1880.0	10597.0	14022.0	14926.0	4040.0	14219.0	10378.0	8717.0	6673.0	13730.0	1781.0	3892.0	5153.0	3811.0	4791.0	2977.0	13302.0	4416.0	15776.0	13977.0	2964.0	21240.0	30469.0	20331.0	15852.0	14940.0	1768.0	2651.0	1457.0	7230.0	1209414.0	1665664.147374
sub-3349423	3237.0	2215.0	9812.0	3982.0	2302.0	12809.0	19757.0	16969.0	3619.0	16070.0	11356.0	8855.0	6228.0	15500.0	2562.0	5193.0	7824.0	2874.0	6270.0	2560.0	12118.0	5690.0	18754.0	13935.0	3512.0	23224.0	33015.0	19325.0	16141.0	13304.0	1322.0	3597.0	1390.0	9595.0	1441157.0	1970172.303323
sub-0021009	2759.0	1670.0	6676.0	3113.0	1236.0	7575.0	13816.0	7895.0	2303.0	11568.0	9507.0	6654.0	5696.0	11737.0	2120.0	3877.0	6490.0	3130.0	5357.0	2508.0	9818.0	3444.0	14041.0	9981.0	2460.0	18083.0	26483.0	14504.0	13141.0	12442.0	1125.0	2334.0	1526.0	5467.0	1035080.0	1371560.362081
sub-0025001	2844.0	1626.0	5599.0	2414.0	1394.0	9626.0	11133.0	9535.0	2289.0	9576.0	7134.0	6076.0	4624.0	9620.0	1953.0	2907.0	4596.0	2072.0	4196.0	1810.0	8221.0	2901.0	12925.0	8060.0	1963.0	14781.0	21038.0	10071.0	13550.0	11231.0	1084.0	1721.0	1195.0	6414.0	915365.0	1251297.195394
sub-0015038	2753.0	1858.0	8057.0	3463.0	2262.0	11787.0	15649.0	12906.0	3754.0	12659.0	8849.0	7634.0	5232.0	12489.0	2672.0	4172.0	5432.0	3516.0	5513.0	2806.0	11926.0	3903.0	16853.0	13795.0	2756.0	20002.0	30141.0	20151.0	14741.0	16431.0	1465.0	2839.0	1540.0	9188.0	1261203.0	1690317.773505
sub-1208586	3103.0	1507.0	6371.0	3406.0	1424.0	8067.0	12687.0	10661.0	2680.0	11580.0	8917.0	7560.0	5239.0	11339.0	1900.0	3826.0	5669.0	2588.0	5283.0	2194.0	8732.0	2536.0	12842.0	9967.0	2809.0	18968.0	25062.0	14223.0	14905.0	13104.0	1054.0	1980.0	1206.0	8389.0	1132106.0	1582668.363087
sub-0016074	3393.0	1875.0	5800.0	2351.0	1845.0	8910.0	12785.0	10088.0	2361.0	9929.0	7203.0	4763.0	4914.0	10193.0	2286.0	3582.0	4659.0	2385.0	3854.0	1740.0	8530.0	2779.0	12779.0	8734.0	2283.0	15731.0	20602.0	12433.0	12756.0	11816.0	1123.0	2495.0	1067.0	6274.0	1030399.0	1387834.905927
sub-4046678	2502.0	2491.0	6884.0	3768.0	2319.0	10327.0	17506.0	15134.0	4144.0	13992.0	10818.0	7323.0	5598.0	13929.0	2625.0	3962.0	7359.0	3059.0	5894.0	2486.0	11010.0	4115.0	14993.0	14591.0	3814.0	20961.0	25599.0	18817.0	15167.0	16727.0	1312.0	2843.0	1906.0	8175.0	1205827.0	1633386.131668
sub-1696588	2309.0	735.0	6000.0	2869.0	1296.0	7973.0	13229.0	9744.0	3268.0	11664.0	5430.0	6901.0	5408.0	10906.0	1638.0	3554.0	4984.0	1876.0	4547.0	2222.0	9863.0	3245.0	11949.0	12374.0	1066.0	12830.0	21577.0	15401.0	10680.0	10757.0	1619.0	1311.0	982.0	5788.0	962325.0	1356059.511026
sub-0016045	2369.0	1810.0	7605.0	3663.0	1495.0	9518.0	10070.0	11144.0	2488.0	10172.0	9649.0	6749.0	6148.0	12086.0	2505.0	3427.0	4967.0	2817.0	4583.0	2311.0	8554.0	3742.0	13966.0	10090.0	2610.0	18073.0	25130.0	16050.0	13146.0	12932.0	1390.0	1882.0	1206.0	6620.0	1047801.0	1385082.526708
sub-8191384	3168.0	1693.0	7200.0	2363.0	1494.0	9698.0	12820.0	11540.0	2653.0	11266.0	9299.0	4810.0	5751.0	14716.0	1829.0	3759.0	6526.0	3088.0	5385.0	1395.0	11373.0	3616.0	13144.0	10205.0	3023.0	16857.0	24182.0	13406.0	14321.0	12202.0	1913.0	2813.0	1488.0	6616.0	1128683.0	1497598.583188
sub-1481430	3816.0	2607.0	8232.0	3686.0	2062.0	12047.0	16156.0	16667.0	3675.0	16510.0	11443.0	9840.0	5776.0	18336.0	2527.0	4869.0	8250.0	4061.0	7040.0	2489.0	12676.0	4859.0	16430.0	13790.0	3667.0	19883.0	32783.0	17438.0	18883.0	19185.0	1280.0	2678.0	1911.0	10362.0	1388274.0	1843595.471018
sub-0025009	2484.0	2197.0	6820.0	3335.0	1649.0	10864.0	16105.0	13768.0	3859.0	17468.0	11127.0	9916.0	6277.0	14718.0	3013.0	4549.0	8549.0	3719.0	6311.0	2656.0	13235.0	4424.0	16526.0	12748.0	3130.0	22577.0	30635.0	14388.0	17772.0	18308.0	1131.0	2957.0	2039.0	9859.0	1425211.0	1949827.897729
sub-0021006	1977.0	2384.0	10140.0	3759.0	1739.0	9282.0	15352.0	15073.0	3236.0	14623.0	9819.0	10715.0	6277.0	13172.0	1626.0	4984.0	5149.0	3313.0	4362.0	2958.0	11442.0	3428.0	15461.0	12992.0	2540.0	18948.0	27520.0	20002.0	13769.0	13344.0	1303.0	2078.0	1397.0	6511.0	1180522.0	1575212.388142
sub-0021030	3469.0	2385.0	6343.0	4079.0	1766.0	11080.0	15947.0	14807.0	3907.0	14550.0	9621.0	8454.0	5149.0	13600.0	2242.0	4432.0	5353.0	3159.0	5361.0	3120.0	11818.0	3875.0	14103.0	15045.0	2537.0	24104.0	29421.0	17413.0	15220.0	11842.0	1538.0	2702.0	1641.0	6569.0	1230447.0	1655228.707656
sub-0021008	3078.0	1480.0	8364.0	3328.0	1471.0	9847.0	12714.0	11717.0	2886.0	12464.0	6401.0	7230.0	4381.0	12204.0	1834.0	3859.0	5171.0	2643.0	4078.0	1824.0	12203.0	3980.0	13897.0	11630.0	2585.0	18830.0	26921.0	15972.0	14011.0	12651.0	1320.0	2289.0	1159.0	6780.0	1090455.0	1501891.030372
sub-0015030	2894.0	2216.0	7268.0	3597.0	1893.0	10105.0	14522.0	15404.0	2922.0	13267.0	8872.0	6397.0	5870.0	18716.0	2263.0	3918.0	5250.0	2829.0	4785.0	2070.0	11424.0	3541.0	14660.0	9777.0	3438.0	19805.0	29968.0	13383.0	14141.0	13742.0	1527.0	2895.0	1087.0	9058.0	1179397.0	1633118.268749
sub-0010126	2508.0	2514.0	8543.0	4894.0	2030.0	11963.0	15712.0	14896.0	4223.0	14931.0	10006.0	8125.0	5561.0	14264.0	2196.0	5838.0	6614.0	3400.0	5383.0	2840.0	14201.0	3724.0	16681.0	17245.0	2813.0	19821.0	31980.0	21966.0	16442.0	13925.0	1360.0	3000.0	1566.0	7768.0	1290726.0	1726140.211001
sub-0016086	3022.0	2498.0	8505.0	3363.0	2080.0	11733.0	13961.0	12574.0	3729.0	12406.0	10067.0	7002.0	6039.0	14607.0	2097.0	3879.0	6058.0	2980.0	4532.0	2460.0	12913.0	4353.0	16937.0	11019.0	3815.0	20671.0	25571.0	15806.0	16843.0	14444.0	1256.0	2445.0	1663.0	9198.0	1276094.0	1716478.419675
sub-0023026	2907.0	891.0	6500.0	3675.0	2027.0	8909.0	18278.0	12230.0	2796.0	11252.0	8724.0	7805.0	5084.0	13875.0	2049.0	4406.0	5810.0	2970.0	5536.0	2508.0	11823.0	2325.0	14133.0	11906.0	1356.0	17433.0	26753.0	17230.0	14840.0	12388.0	1382.0	2934.0	1628.0	9086.0	1019020.0	1377699.454814
sub-0027011	3268.0	2656.0	7962.0	2412.0	2006.0	11427.0	14922.0	15799.0	3351.0	13325.0	9709.0	7154.0	6816.0	14704.0	3289.0	4371.0	6294.0	3065.0	4983.0	1664.0	11046.0	3658.0	16624.0	11572.0	3601.0	22170.0	28666.0	14416.0	16719.0	16236.0	1279.0	3271.0	1734.0	9299.0	1427532.0	2031015.44529
sub-0027018	3849.0	1671.0	6918.0	2398.0	2621.0	8843.0	14301.0	13438.0	2860.0	12397.0	9089.0	6113.0	6235.0	12147.0	2851.0	3896.0	6340.0	2507.0	4238.0	1472.0	14032.0	3669.0	15091.0	9885.0	3480.0	16275.0	27166.0	12984.0	15884.0	14168.0	1176.0	2634.0	1168.0	7460.0	1261975.0	1765637.401198
sub-0027020	2507.0	1980.0	5721.0	2467.0	1643.0	8681.0	11436.0	9260.0	2082.0	10501.0	7972.0	5799.0	5408.0	10430.0	2005.0	3505.0	4606.0	2131.0	2989.0	2050.0	9541.0	2557.0	13124.0	9765.0	2943.0	13500.0	23066.0	11840.0	11956.0	12104.0	921.0	2149.0	1238.0	6414.0	1024536.0	1445331.857195
sub-4529116	3004.0	2430.0	6622.0	2773.0	1887.0	13608.0	13953.0	11927.0	3219.0	12376.0	9100.0	6808.0	5398.0	14406.0	2231.0	4041.0	4708.0	2565.0	4713.0	2240.0	12045.0	3157.0	15063.0	12583.0	3100.0	18514.0	27416.0	15581.0	15634.0	15003.0	1648.0	1913.0	1418.0	8247.0	1102594.0	1475677.76461
sub-0010091	3336.0	2542.0	7261.0	3759.0	1620.0	11325.0	16848.0	12486.0	3885.0	12642.0	8700.0	9270.0	5818.0	12078.0	1809.0	4293.0	5326.0	3680.0	4502.0	2521.0	10542.0	3812.0	15316.0	14263.0	2862.0	20360.0	24748.0	18524.0	13755.0	13272.0	1651.0	2428.0	1069.0	5156.0	1144122.0	1601842.314137
sub-0010096	3352.0	2088.0	9164.0	3909.0	1843.0	10258.0	15214.0	11820.0	2899.0	13599.0	9880.0	7957.0	5812.0	13819.0	1898.0	4213.0	4680.0	3422.0	5288.0	2572.0	12329.0	4674.0	16720.0	11917.0	2476.0	22589.0	34392.0	14901.0	17602.0	15102.0	1303.0	2306.0	1462.0	7861.0	1292306.0	1758056.436789
sub-0010062	2034.0	1350.0	8089.0	2524.0	1943.0	10342.0	13765.0	13903.0	3195.0	10825.0	8344.0	6178.0	5594.0	14143.0	2545.0	3685.0	4989.0	2924.0	5199.0	2107.0	10196.0	3521.0	15784.0	12649.0	2240.0	18271.0	28249.0	16198.0	16193.0	13512.0	1260.0	2565.0	1471.0	7566.0	1328274.0	1814577.647404
sub-3993793	3657.0	2332.0	6291.0	3476.0	1990.0	11979.0	16135.0	14493.0	4400.0	14623.0	8939.0	8788.0	7259.0	14557.0	2214.0	3897.0	5607.0	2492.0	5547.0	2623.0	12881.0	5545.0	15550.0	13491.0	2658.0	23718.0	31000.0	18267.0	16047.0	16383.0	1450.0	3395.0	1833.0	8079.0	1273226.0	1708691.2596
sub-0010039	2536.0	2009.0	8147.0	2488.0	1414.0	9558.0	15819.0	12142.0	2470.0	14145.0	7850.0	6727.0	5411.0	14685.0	1371.0	4781.0	5260.0	3287.0	3405.0	1729.0	9505.0	3144.0	16559.0	12544.0	2325.0	19916.0	28684.0	14600.0	15548.0	10384.0	1576.0	1595.0	1338.0	6273.0	1140274.0	1541011.568546
sub-0010090	2603.0	1475.0	6666.0	3601.0	1809.0	10479.0	13451.0	14724.0	2634.0	16222.0	8341.0	7113.0	5995.0	13387.0	1781.0	4683.0	4469.0	2945.0	3683.0	2174.0	11697.0	4056.0	15407.0	11407.0	2775.0	18534.0	29171.0	13977.0	15159.0	11983.0	1322.0	1942.0	1734.0	6556.0	1225411.0	1634515.516587
sub-1418396	3635.0	3126.0	9376.0	4387.0	2335.0	13669.0	18237.0	15936.0	4373.0	17056.0	12486.0	8699.0	7402.0	16920.0	3255.0	4713.0	6156.0	4199.0	4467.0	2565.0	16268.0	5029.0	18045.0	14383.0	4524.0	24835.0	35183.0	18250.0	15633.0	12888.0	1851.0	2402.0	1567.0	9083.0	1416177.0	1844866.70991
sub-3302025	2418.0	2373.0	8565.0	2553.0	1502.0	10629.0	14434.0	13770.0	2806.0	13834.0	9110.0	5865.0	5954.0	14002.0	2108.0	4468.0	5422.0	2722.0	4178.0	1782.0	11566.0	4800.0	16593.0	11568.0	3475.0	20604.0	25118.0	18778.0	14394.0	13777.0	1192.0	2179.0	1529.0	7269.0	1102620.0	1489323.960654
